0,0.009289471,0.03877186,0.005644168,0.004853874,0.028430209,0.036561966,0.029338957,0.039566274,0.032520227,0.034984371,0.015317716,0.028894753,0.022252395,0.00612927,0.035304962,0.006828971,0.014237343,0.0131632,0.033739071,0.015051135,0.003240372,0.002904666,0.026883307,0.023206517,0.014050146,0.000516222,0.039520799,0.013676236,0.032106555,0.014029444,0.036131049,0.027613196,0.032290857,0.019583974,0.036965452,0.00609952,0.018896119,0.024838478,0.014617995,0.020155079,0.027323018,0.009154802,0.02742475,0.024282888,0.00930076,0.03414272,0.004034733,0.025087825,0.0049806,0.000796571,0.005734997,0.025642832,0.031876676,0.013772532,0.000457361,0.033095418,0.006286516,0.012886403,0.003164328,0.010027132,0.022337836,0.018405904,0.023926528,0.003310351,0.026811836,0.007420061,0.022253247,0.014570669,0.013767728,0.015913591,0.026507439,0.017498201,0.012677668,0.019549963,0.021423089,0.039640128,0.022077683,0.022638775,0.025894256,0.002075005,0.031062965,0.02664203,0.012301269,0.019889884,0.037672849,0.028258319,0.027968473,0.001377637,0.031324597,0.029021099,0.004202684,0.022815197,0.032852994,0.02115722,0.004737304,0.01798061,0.005240149,0.004569118,0.039911425
0.009289471,0,0.018513874,0.035553338,0.02680107,0.019117063,0.029768742,0.015824113,0.004258611,0.031741925,0.027584542,0.039204602,0.004397161,0.027233924,0.002260173,0.024147137,0.015692483,0.033802573,0.029064332,0.037648335,0.011505389,0.005486129,0.025584319,0.029421314,0.038569481,0.014413768,0.000834261,0.034332217,0.017774777,0.001931443,0.030859723,0.010745552,0.003038685,0.006098828,0.033283248,0.006922016,0.029737689,0.031579461,0.027528651,0.02634978,0.009124928,0.002975961,0.033483885,0.000367959,0.008945874,0.021892002,0.02881238,0.034470821,0.030499464,0.020421804,0.036229825,0.013248581,0.02146382,0.00104725,0.011341181,0.011419992,0.035840445,0.013768131,0.015597023,0.013697252,0.038709379,0.027696257,0.005441934,0.03154244,0.010301334,0.010939693,0.01509811,0.023411712,0.021576687,0.029689237,0.027703993,0.01273043,0.026583083,0.014581562,0.001850753,0.03691078,0.002214985,0.014012227,0.0264441,0.0061751,0.002928146,0.030246803,0.012713733,0.019927425,0.005755776,0.032280855,0.024554583,0.011125946,0.025697395,0.039671353,0.023330979,0.025570236,0.031671584,0.002990694,0.022194775,0.033781766,0.021568399,0.0366966,0.024457252,0.033770078
0.03877186,0.018513874,0,0.000375363,0.024437857,0.020739179,0.032234377,0.032377176,0.037208414,0.025940985,0.011530926,0.002846393,0.030180968,0.016922567,0.015401046,0.030283758,0.033947549,0.025616659,0.028116484,0.01982813,0.024424871,0.003750921,0.014213129,0.021549819,0.026902874,0.024318884,0.039072705,0.024336547,0.000174521,0.02053099,0.033551251,0.028862866,0.004033861,0.007534463,0.025245918,0.015595546,0.03462296,0.012455751,0.026364613,0.029115344,0.033780531,0.027436355,0.005790033,0.02876754,0.007167363,0.024407468,0.013198539,0.01227249,0.009281592,0.021362335,0.036435262,0.029398012,0.019129135,0.011984775,0.02809894,0.009512747,0.037100879,0.033082487,0.034558291,0.013927896,0.022682975,0.029928087,0.029859895,0.015092883,0.021426997,0.017480277,0.014585697,0.027484563,0.018514495,0.035635721,0.01023552,0.009824026,0.005799981,0.009731463,0.031389418,0.012636429,0.001119188,0.038188499,0.023137185,0.013390893,0.021463731,0.024458444,0.034742543,0.00251093,0.019350108,0.03307117,0.013558651,0.015483845,0.030833091,0.003416265,0.032739154,0.033393502,0.024676041,0.013725747,0.032019396,0.036426883,0.004762692,0.004703113,0.022983756,0.017381899
0.005644168,0.035553338,0.000375363,0,0.033440136,0.02261308,0.03719647,0.006204607,0.014849847,0.028139049,0.039777797,0.031848573,0.035017612,0.017442409,0.015605823,0.00736845,0.003726963,0.021096868,0.018452455,0.005025091,0.021572558,0.02690907,0.000934664,0.014558899,0.020969676,0.008651282,0.038585758,0.034569994,0.037493949,0.006866116,0.032595604,0.017357839,0.038678391,0.000581378,0.006057204,0.004408795,0.029223308,0.020461166,0.014281114,0.025761946,0.010936438,0.033265525,0.006127204,0.034860141,0.010752433,0.018044915,0.010982644,0.035852181,0.022305664,0.014285345,0.031567365,0.031826842,0.031228494,0.029875767,0.012439423,0.019909763,0.000811966,0.011226336,0.01186051,0.026355485,0.034798089,0.016683342,0.011125918,0.027377853,0.020356486,0.01494729,0.005246229,0.010727517,0.010146791,0.015799781,0.015102104,0.015148054,0.030835978,0.017456295,0.001512204,0.028089021,0.00873311,0.03518547,0.03120412,0.035586181,0.027770135,0.038286466,0.028118517,0.020319832,0.038570079,0.030437843,0.026654385,0.014266777,0.007152885,0.015421172,0.039737059,0.029398666,0.005676698,0.02595247,0.013214958,0.015009992,0.023675487,0.026743827,0.033732973,0.001075072
0.004853874,0.02680107,0.024437857,0.033440136,0,0.0198613,0.019753321,0.007877117,0.017657126,0.017234698,0.038048038,0.035262028,0.025563525,0.013132486,0.02206,0.037281758,0.016580349,0.005608403,0.033544671,0.00739788,0.009288231,0.032504685,0.028179984,0.00113819,0.017910307,0.030802364,0.030423039,0.037908458,0.004786238,0.031852064,0.017732608,0.000536663,0.02800493,0.029966853,0.017480741,0.008152303,0.037432581,0.018162371,0.010995749,0.033701962,0.002532127,0.030127645,0.036445757,0.013211698,0.015155106,0.016620565,0.024960842,0.013626351,0.031750734,0.039448047,0.023703275,0.023519948,0.031305148,0.007057603,0.030244736,0.024531917,0.021493904,0.033214249,0.005974724,0.007977614,0.006260792,0.022019616,0.002435395,0.039031721,0.024896087,0.020154064,0.024449918,0.025401289,0.02339498,0.034869943,0.012056689,0.017783701,0.0322777,0.008588733,0.033411315,0.017772512,0.038310157,0.024534552,0.033349301,0.014462318,0.014170607,0.017991926,0.022466279,0.006576514,0.03478032,0.02834133,0.0078456,0.033414545,0.009451102,0.036048267,0.035091509,0.002224247,0.00166993,0.024447694,0.019044239,0.015700236,0.0171855,0.028816537,0.010773244,0.013158493
0.028430209,0.019117063,0.020739179,0.02261308,0.0198613,0,0.030563087,0.029677277,0.038631116,0.02607669,0.039939043,0.036533852,0.025307262,0.023958396,0.012643077,0.011556755,0.036511072,0.018198937,0.032260165,0.014359069,0.023237747,0.028116771,0.010601726,0.005748573,0.037492381,0.006573984,0.018418374,0.035627325,0.000668763,0.023940891,0.032952931,0.018567061,0.036977528,0.017854401,0.032724559,0.036477814,0.037241832,0.006964172,0.014430982,0.014903132,0.039081293,0.023094108,0.002562122,0.032481777,0.010364684,0.008027913,0.004288261,0.032265278,0.002303665,0.023158113,0.017224805,0.019726257,0.03444653,0.003396564,0.003754622,0.003223851,0.016535992,0.011815515,0.03037438,0.018111341,0.002585711,0.033830291,0.021456791,0.021280016,0.013067037,0.035889064,0.001310626,0.035215092,0.00939512,0.006494828,0.026886676,0.032134402,0.016079086,0.032896471,0.01461031,0.007743392,0.033341756,0.028194237,0.001219879,0.030823763,0.001668928,0.017804315,0.017576573,0.016867945,0.014254107,0.024365446,0.001875943,0.008539567,0.007274393,0.017732785,0.002300217,0.026244899,0.013703179,0.003522688,0.023593787,0.007157533,0.027879936,0.003865529,0.007164236,0.023040476
0.036561966,0.029768742,0.032234377,0.03719647,0.019753321,0.030563087,0,0.038372083,0.032018302,0.013847223,0.001303803,0.006499201,0.038542577,0.015609016,0.016736686,0.03313114,0.009497946,0.00479621,0.030715951,0.035810293,0.003481462,0.02041844,0.019221907,0.030373767,0.019180188,0.022880845,0.019567034,0.007749561,0.016206741,0.012090922,0.003160979,0.037025223,0.009308841,0.034058792,0.014309534,0.020438136,0.034138443,0.020182816,0.012382018,0.0295177,0.012037541,0.00743997,0.035091094,0.005685269,0.025305767,0.038466411,0.027272086,0.0330054,0.002377085,0.031553354,0.034004829,0.001567265,0.037937123,0.014141315,0.016084149,0.030705512,0.033891106,0.020757309,0.012292016,0.024598802,0.019269072,0.009781395,0.024028453,0.014257462,0.004611376,0.000632096,0.027170933,0.005366888,0.014025412,0.024800983,0.01525098,0.026011517,0.034099216,0.033819157,0.031363525,0.029568435,0.035289168,0.025600693,0.031001191,0.034793972,0.005279691,0.011092531,0.038310229,0.035554617,0.010744278,0.002768132,0.028799508,0.034013593,0.007135965,0.001081167,0.021039659,0.020018316,0.038632928,0.032570708,0.035977612,0.014862174,0.03736397,0.038607378,0.012877359,0.005776081
0.029338957,0.015824113,0.032377176,0.006204607,0.007877117,0.029677277,0.038372083,0,0.020298545,0.023097513,0.032380457,0.005369272,0.027007319,0.007812239,0.023780031,0.023302921,3.83E-05,0.014900457,0.004799744,0.033217458,0.028936103,0.002371652,0.022569351,0.036728901,0.020508277,0.002978016,0.037995449,0.018709929,0.027684653,0.008161063,0.008394501,0.014262691,0.028090583,0.036391964,0.033506288,0.002565331,0.014903724,0.014748982,0.031838823,0.017231139,0.037351716,0.028851238,0.026351984,0.005270335,0.007551112,0.036227671,0.01125801,0.038353694,0.012292149,0.01736821,0.020467405,0.020094434,0.016781935,0.018867184,0.029169037,0.020076549,0.015576558,0.002828258,0.023169017,0.014307986,0.032138698,0.028224807,0.015112673,0.039032652,0.016776943,0.013936917,0.023084291,0.007904998,0.018695722,0.023946222,0.019221755,0.009432775,0.039066969,0.022622525,0.031670653,0.024192519,0.03357061,0.029674931,0.022787226,0.018364989,0.027320725,0.022080559,0.01284109,0.017026382,0.024703364,0.015643471,0.003695821,0.031676794,0.038379373,0.002392219,0.004230879,0.010938962,0.013218493,0.03418481,0.036279839,0.021039719,0.039864261,0.012718363,0.039317119,0.014486136
0.039566274,0.004258611,0.037208414,0.014849847,0.017657126,0.038631116,0.032018302,0.020298545,0,0.033654617,0.00149471,0.036793842,0.038445335,0.021947795,0.007317285,0.015753383,0.039141775,0.001376083,0.006055349,0.032520573,0.003301928,0.023091068,0.004370389,0.010060523,0.021187445,0.033615907,0.039683744,0.007454641,0.031230326,0.039973298,0.004345907,0.035437918,0.00453571,0.032225185,0.020612891,0.015047888,0.037346127,0.028718863,0.002913611,0.032293021,0.036125946,0.022143532,0.018617837,0.026817712,0.023629751,0.005570406,0.002846716,0.008731032,0.039216869,0.033006817,0.005589491,0.018742892,0.002788907,0.027951353,0.031203297,0.012013814,0.008229803,0.004900695,0.010187905,0.038153929,0.00794431,0.00947994,0.015427837,0.020228146,0.011687664,0.017849862,0.010830175,0.036861912,0.004706772,0.015458243,0.022146098,0.005215666,0.00464545,0.02009491,0.005329001,0.028398746,0.007145539,0.003692136,0.033312486,0.010698255,0.028412592,0.026948282,0.026324798,0.009685202,0.014253277,0.001029382,0.018801776,0.018038637,0.004656047,0.012651811,0.021938359,0.004908276,0.036469388,0.034741029,0.009191618,0.009461289,0.021657841,0.004286764,0.008681465,0.023875477
0.032520227,0.031741925,0.025940985,0.028139049,0.017234698,0.02607669,0.013847223,0.023097513,0.033654617,0,0.024642958,0.033999335,0.000756337,0.010584883,0.015975007,0.01516423,0.006704091,0.01409308,0.007689329,0.000396477,0.033664355,0.009674236,0.034282273,0.008477865,0.026178549,0.025598151,0.022216613,0.020214871,0.016619376,0.030524329,0.032615103,0.007879328,0.026861894,0.025014754,0.01082726,0.025278974,0.021327548,0.039659312,0.037465741,0.038694226,0.033755056,0.017773088,0.02809135,0.011883655,0.008828229,0.0029052,0.030825715,0.029137517,0.021752229,0.038186618,0.032959351,0.016261669,0.000990247,0.022186813,0.013706636,0.002977501,0.014150364,0.015762653,0.003807911,0.000672105,0.002221653,0.006688299,0.002397811,0.037650924,0.013042062,0.018829658,0.002507351,0.026518916,0.038530599,0.025255809,0.035443628,0.022343394,0.032699334,0.008883025,0.039431473,0.00533257,0.029347067,0.011517184,0.008155701,0.032396744,0.032460226,0.038713777,0.014148291,0.010079112,0.01104698,0.013773595,0.014424414,0.013588287,0.016967707,0.02771979,0.023258149,0.033354368,0.029751611,0.036145086,0.036158115,0.022639773,0.026971923,0.027630107,0.008442093,0.017419195
0.034984371,0.027584542,0.011530926,0.039777797,0.038048038,0.039939043,0.001303803,0.032380457,0.00149471,0.024642958,0,0.027394022,0.01009208,0.005202763,0.01231518,0.009932938,0.02312709,0.028497059,0.01893793,0.036718426,0.018869302,0.033863662,0.025669421,0.006864256,0.018164488,0.038556425,0.002694168,0.014106587,0.01476115,0.003577649,0.033828036,0.025516864,0.023185048,0.028102755,0.028454799,0.036376365,0.023502448,0.006536386,0.01837635,0.007211774,0.019170151,0.005984713,0.02772908,0.024039357,0.00496575,0.034366743,0.016431423,0.014538739,0.006791158,0.00921357,0.034470238,0.012574336,0.002987417,0.031501022,0.019499208,0.006647943,0.036282118,0.023625009,0.012716681,0.012295323,0.02737875,0.039351356,0.005926011,0.006294312,0.002023529,0.035190895,0.034088136,0.03906845,0.028475059,0.008960915,0.015675368,0.031693391,0.02408918,0.016107607,0.015977889,0.034213347,0.008650165,0.018461152,0.0337489,0.018585285,0.015345757,0.009835826,0.014620172,0.006138032,0.005252592,0.011934088,0.02535858,0.033204775,0.033805281,0.02407471,0.024097308,0.02470098,0.022072304,0.016796248,0.023008113,0.020966051,0.005191106,0.009244232,0.004540093,0.023625533
0.015317716,0.039204602,0.002846393,0.031848573,0.035262028,0.036533852,0.006499201,0.005369272,0.036793842,0.033999335,0.027394022,0,0.031249498,0.024482421,0.026888509,0.011386629,0.032518843,0.03383619,0.013292139,0.013564666,0.038865486,0.036925521,0.035732759,0.039291797,0.012073865,0.037113584,0.002447376,0.016315584,0.013274409,0.016392476,0.000982715,0.011056839,0.022632577,0.021727696,0.023534118,0.031103515,0.009171726,0.023444843,0.024909329,0.007988056,0.018805794,0.004867979,0.002610209,0.021459945,0.0063333,0.009188519,0.02404867,0.006904259,0.024627228,0.031245554,0.032582504,0.031263451,0.026525065,0.022230927,0.032985312,0.038237674,0.033180278,0.01891809,8.84E-05,0.02743536,0.005198609,0.020044681,0.00519476,0.00159095,0.030519827,0.024414212,0.01901948,0.021250817,0.02534406,0.001763387,0.031906494,0.038512487,0.003370385,0.031771612,0.033478521,0.005375283,0.028055987,0.018464048,0.012326237,0.008967427,0.037530977,0.029135699,0.007305934,0.026654559,0.014918588,0.036557827,0.027071401,0.03153206,0.035712357,0.01766451,0.029322332,0.032433619,0.032670796,0.020394251,0.028178933,0.000259672,0.006121301,0.000733584,0.028037034,0.019619247
0.028894753,0.004397161,0.030180968,0.035017612,0.025563525,0.025307262,0.038542577,0.027007319,0.038445335,0.000756337,0.01009208,0.031249498,0,0.017057588,0.018224708,0.031229088,0.01367353,0.027873452,0.02713499,0.001026949,0.022959435,0.035363623,0.001222898,0.002922713,0.039656098,0.015269879,0.005401378,0.019842713,0.012205055,0.033045294,0.002040162,0.021652864,0.002659618,0.036862487,0.016541246,0.039193899,0.014638439,0.017207376,0.008093663,0.007837142,0.022688897,0.031051484,0.012643003,0.00033945,0.027228099,0.036997898,0.006575454,0.004917466,0.034326091,0.005876336,0.01420334,0.002905359,0.015377568,0.00280393,0.037865506,0.030104902,0.008438267,0.017973902,0.006453953,0.02720765,0.021062823,0.029059253,0.011796017,0.004890541,0.01394769,0.018676649,0.019735634,0.009217094,0.029668087,0.016856932,0.033563816,0.024917291,0.028926259,0.036975939,0.039458998,0.00067374,0.001255747,0.016138816,0.025573692,0.009829325,0.00142752,6.52E-05,0.019689582,0.020474335,0.017544672,0.030217712,0.018544812,0.031564596,0.017163042,0.02107562,0.02752666,0.033505316,0.019162418,0.028592911,0.028522075,0.03726461,0.024680976,0.026036586,0.035222909,0.00577461
0.022252395,0.027233924,0.016922567,0.017442409,0.013132486,0.023958396,0.015609016,0.007812239,0.021947795,0.010584883,0.005202763,0.024482421,0.017057588,0,0.020111023,0.022100693,0.016386175,0.033366763,0.011824809,0.027256746,0.032093255,0.016540642,0.002933803,0.007224247,0.033550257,0.037002538,0.013832344,0.013754432,0.011875993,0.024767648,0.024215646,0.036903501,0.021627122,0.039550276,0.009909922,0.015412431,0.004073337,0.016650773,0.012879405,0.019162982,0.004480009,0.027332226,0.033100086,0.019434277,0.020881164,0.029658364,0.026751297,0.017269371,0.028185723,0.026786772,0.012654856,0.007619739,0.010203883,0.037712783,0.029325428,0.0026712,0.019165836,0.004091004,0.013082104,0.006021601,0.025797002,0.013534951,0.023618312,0.000206061,0.015213133,0.018020136,0.0212031,0.001107474,0.018665394,0.036197432,0.024290665,0.023477153,0.02405329,0.020958637,0.003674463,0.006059334,0.022728197,0.03326616,0.01372097,0.038244405,0.01583679,0.022639315,0.037636546,0.005386555,0.01617374,0.034019217,0.035740064,0.023236338,0.020699746,0.003001726,0.030490291,0.005621005,0.038160346,0.007502129,0.003581209,0.03337862,0.025957979,0.006891326,0.020772311,0.034734427
0.00612927,0.002260173,0.015401046,0.015605823,0.02206,0.012643077,0.016736686,0.023780031,0.007317285,0.015975007,0.01231518,0.026888509,0.018224708,0.020111023,0,0.015276656,0.012896074,0.037676721,0.035213551,0.019826738,0.009956455,0.016283296,0.016832336,0.011955236,0.034353793,0.036906125,0.007281726,0.014726439,0.023893366,0.029749555,0.00961137,0.03600095,0.019112018,0.004747776,0.029959855,0.020862961,0.010916659,0.026831163,0.039955066,0.018771144,0.010274727,0.03835052,0.016256305,0.01091823,0.026454244,0.039142733,0.034035296,0.009957777,0.001819978,0.03940749,0.036475269,0.002422861,0.013011241,0.032975972,0.01346925,0.029245517,0.002566905,0.022175873,0.021939902,0.019201958,0.021895354,0.013317414,0.030539475,0.008496775,0.039530942,0.031240536,0.00724642,0.034925338,0.011918702,0.039215886,0.038669596,0.015860933,0.000389326,0.00206274,0.017297673,0.015086217,0.011207474,0.024816266,0.022441826,0.013877913,0.032829859,0.035573601,0.035159669,0.015272143,0.019316452,0.014848633,0.006439245,0.014361829,0.031215689,0.01276,0.030375506,0.010162915,0.023674819,0.021295379,0.015413319,0.001858398,0.033557889,0.02874077,0.033879711,0.025498321
0.035304962,0.024147137,0.030283758,0.00736845,0.037281758,0.011556755,0.03313114,0.023302921,0.015753383,0.01516423,0.009932938,0.011386629,0.031229088,0.022100693,0.015276656,0,0.031963928,0.030132708,0.039933956,0.028129613,0.024872003,0.030277974,0.017652338,0.016428114,0.039294521,0.037350872,0.036186039,0.015697407,0.039109986,0.024978777,0.012884709,0.018500235,0.028970381,0.016730093,0.016562513,0.017675345,0.002415504,0.013063735,0.000651292,0.007817297,0.028098641,0.004083861,0.033887249,0.033613393,0.013488425,0.004001258,0.031461671,0.018548086,0.015120558,0.026948915,0.009732899,0.032094211,0.002767743,0.026592391,0.013296815,0.011941411,0.019093383,0.021090598,0.02872247,0.004492348,0.036981482,0.003520516,0.006547577,0.036213765,0.015595394,0.019106103,0.024857852,0.022852984,0.019240997,0.01225312,0.001563741,0.026932993,0.035614986,0.036396916,0.010329095,0.010290982,0.029504566,0.013032968,0.028860746,0.010994316,0.037718998,0.009948397,0.004465812,0.002789222,0.035189397,0.018230317,0.028175442,0.03648075,0.03415483,0.027234461,0.015028572,0.038801394,0.02274448,0.017948378,0.011752068,0.015578517,0.038760445,0.005609609,0.029471985,0.004168415
0.006828971,0.015692483,0.033947549,0.003726963,0.016580349,0.036511072,0.009497946,3.83E-05,0.039141775,0.006704091,0.02312709,0.032518843,0.01367353,0.016386175,0.012896074,0.031963928,0,0.019815938,0.026216598,0.011977863,0.016965253,0.007832415,0.024721704,0.013671155,0.036693302,0.028083764,0.018942041,0.001535255,0.031814549,0.017857338,0.032330605,0.034514066,0.035880248,0.034212411,0.018380486,0.038968079,0.012286446,0.025413593,0.005270266,0.013934349,0.039387132,0.021692245,0.027113434,0.006962677,0.036591356,0.001311267,0.022582566,0.034835659,0.00493237,0.02280299,0.029770806,0.002461731,0.021836858,0.030591981,0.016730862,0.026971055,0.03215603,0.024101695,0.027629551,0.02770138,0.037930772,0.009474108,0.020983021,0.011815506,0.009693553,0.035801828,0.028963346,0.021939303,0.022446864,0.003446934,0.002785544,0.003180823,0.038022687,0.004695978,0.009670748,0.018795445,0.036646411,0.030106743,0.016367432,0.037100308,0.037116901,0.039937698,0.014811432,0.016378947,0.021303415,0.039980094,0.013538171,0.020030827,0.032752981,0.013210174,0.012380476,0.020092031,0.02266008,0.006060108,0.029113863,0.036180411,0.031172933,0.00183747,0.000253737,0.032341477
0.014237343,0.033802573,0.025616659,0.021096868,0.005608403,0.018198937,0.00479621,0.014900457,0.001376083,0.01409308,0.028497059,0.03383619,0.027873452,0.033366763,0.037676721,0.030132708,0.019815938,0,0.027144468,0.009189823,0.032521631,0.004654421,0.023761676,0.039982933,0.018236851,0.030608241,0.008691999,0.009439453,0.010142061,0.020475235,0.028436546,0.019223709,0.02864804,0.003542982,0.003270079,0.035299107,0.016404569,0.020623192,0.021381188,0.039834199,0.008806472,0.029411384,0.037719607,0.01618475,0.004837806,0.03058761,0.033109785,0.025228034,0.020200398,0.017559693,0.014993709,0.016782993,0.033030538,0.010066022,0.039142868,0.036709767,0.008273717,0.012343808,0.013424555,0.027172954,0.008976985,0.021951674,0.018845004,0.018690361,0.004426736,0.006390312,0.025076293,0.000495829,0.00085213,0.021498843,0.039560094,0.025891182,0.032502677,0.039872645,0.037282213,0.005649522,0.034620434,0.007929493,0.005410111,0.027464388,0.013709761,0.023320697,0.03696673,0.00720707,0.019109595,0.030758147,0.019424049,0.032504502,0.033807889,0.027995783,0.017458314,0.014424695,0.03438581,0.030127636,0.019011123,0.031310837,0.024372481,0.00886204,0.006529461,0.034795496
0.0131632,0.029064332,0.028116484,0.018452455,0.033544671,0.032260165,0.030715951,0.004799744,0.006055349,0.007689329,0.01893793,0.013292139,0.02713499,0.011824809,0.035213551,0.039933956,0.026216598,0.027144468,0,0.029460793,0.009797122,0.002252467,0.009289599,0.011837073,0.029132016,0.026907154,0.005399197,0.022764426,0.025831513,0.006578514,0.036353613,0.035793359,0.027129538,0.005292933,0.030369079,0.009829027,0.007271278,0.037464345,0.001466332,0.038430182,0.026338853,0.024306614,0.017078926,0.001517334,0.015336773,0.007750829,0.03927807,0.029706279,0.031805205,0.001174668,0.018630393,0.02099972,0.026299871,0.014528057,0.005667486,0.011110495,0.010953347,0.008076288,0.011336487,0.008163356,0.006705121,0.0030344,0.03974196,0.009469675,0.023006437,0.02353771,0.030202128,0.039529192,0.009346026,0.038478337,0.003940164,0.017944543,0.038572608,0.030781619,0.008365699,0.020253697,0.019790803,0.006584459,0.03330569,0.037882469,0.003775912,0.027519269,0.017155096,0.022143403,0.001413188,0.005025212,0.023000519,0.03272655,0.033581725,0.01196423,0.03550542,0.012161359,0.029028952,0.011050014,0.012230742,0.017555173,0.018053282,0.000696032,0.026659807,0.031649068
0.033739071,0.037648335,0.01982813,0.005025091,0.00739788,0.014359069,0.035810293,0.033217458,0.032520573,0.000396477,0.036718426,0.013564666,0.001026949,0.027256746,0.019826738,0.028129613,0.011977863,0.009189823,0.029460793,0,0.038828861,0.031819281,0.036526644,0.00321491,0.001074286,0.030716004,0.038224699,0.037083662,0.029979311,0.03951879,0.019986954,0.00945575,0.016315354,0.033764871,0.037733981,0.02018279,0.013979751,0.02597112,0.019224337,0.009561403,0.004062074,0.000320549,0.035907976,0.011439127,0.032853124,0.000895113,0.010386943,0.02047332,0.028234987,0.007897155,0.020996404,0.024299052,0.012990888,0.03513917,0.026799348,0.013327049,0.007673277,0.022496795,0.009693017,0.034995278,0.021831456,0.011782201,0.025646096,0.017834986,0.022515085,0.021246207,0.031673779,0.024825025,0.031709465,0.03912465,0.037473557,0.039847872,0.027710886,0.025844167,0.008957469,0.027089911,0.011592554,0.011554276,0.039057763,0.015778629,0.033606421,0.000167583,0.033592635,0.021997739,0.038040737,0.006518284,0.005109987,0.013284214,0.019099556,0.0378183,0.014324563,0.035033721,0.012063989,0.023283372,0.013888102,0.019581262,0.033784967,0.031995859,0.019445251,0.009186407
0.015051135,0.011505389,0.024424871,0.021572558,0.009288231,0.023237747,0.003481462,0.028936103,0.003301928,0.033664355,0.018869302,0.038865486,0.022959435,0.032093255,0.009956455,0.024872003,0.016965253,0.032521631,0.009797122,0.038828861,0,0.020268391,0.009117315,0.002077928,0.014151503,0.02155169,0.028376043,0.039771694,0.03981837,0.019072921,0.02231988,0.031100348,0.012233165,0.011556216,0.010426781,0.032930616,0.015957904,0.023892244,0.037006494,0.001379021,0.019605027,0.009120602,0.018365456,0.001494221,0.020733433,0.021197215,0.029106063,0.00998179,0.037107007,0.005931979,0.037834362,0.02456999,0.034691934,0.020494212,0.036122523,0.006540117,0.023117385,0.017790967,0.029840036,0.004086785,0.011490466,0.020505888,0.021039186,0.020028912,0.024146277,0.010167419,0.017781168,0.014643137,0.023921516,0.029258714,0.01440008,0.031028504,0.022062204,0.017537319,0.034309157,0.021137638,0.037652577,0.019520464,0.032659463,0.010615819,0.035587896,0.015264905,0.023451427,0.00532007,0.015934097,0.01150606,0.015346896,0.01381916,0.028003127,0.03784942,0.025100264,0.015331808,0.022246071,0.006713269,0.036929083,0.009901059,0.038813031,0.008987064,0.024242566,0.019812431
0.003240372,0.005486129,0.003750921,0.02690907,0.032504685,0.028116771,0.02041844,0.002371652,0.023091068,0.009674236,0.033863662,0.036925521,0.035363623,0.016540642,0.016283296,0.030277974,0.007832415,0.004654421,0.002252467,0.031819281,0.020268391,0,0.012275233,0.010978025,0.019167978,0.003003952,0.029479551,0.002514913,0.002159725,0.037060609,0.022658922,0.014992232,0.018238411,0.012079825,0.003640939,0.031030449,0.022610428,0.034749921,0.024848936,0.020705095,0.026070168,0.024608955,0.015599876,0.016203368,0.017992799,0.002428174,0.004100034,0.036145977,0.001218728,0.033970929,0.017853277,0.006447062,0.03590851,0.01232786,0.019005185,0.027753645,0.017781703,0.016134966,0.030067031,0.025549577,0.014641081,0.011883353,0.016150919,0.010508276,0.007496887,0.025021938,0.011333277,0.018874382,0.022124973,0.001345656,0.025753066,0.014084189,0.023146336,0.024737022,0.032231486,0.022512103,0.012115338,0.023617097,0.000841751,0.003748946,0.031572494,0.010848169,0.000794746,0.036079364,0.030355895,0.022241031,0.007735848,0.031986886,0.017541631,0.007671223,0.001503558,0.016669988,0.002217012,0.020537236,0.03632541,0.013280121,0.007265641,0.005640585,0.01259137,0.035694796
0.002904666,0.025584319,0.014213129,0.000934664,0.028179984,0.010601726,0.019221907,0.022569351,0.004370389,0.034282273,0.025669421,0.035732759,0.001222898,0.002933803,0.016832336,0.017652338,0.024721704,0.023761676,0.009289599,0.036526644,0.009117315,0.012275233,0,0.03748759,0.037137227,0.03061931,0.020526762,0.022337791,0.000244814,0.019515674,0.021544482,0.036000435,0.033639217,0.023224178,0.015806478,0.017227314,0.02718529,0.03036339,0.003838766,0.021461863,0.024177851,0.002554728,0.006533551,0.017214685,0.005933124,0.032608478,0.008276112,0.035792585,0.004372305,0.022652625,0.010237362,0.001470901,0.032560645,0.033826685,0.00526394,0.032687794,0.012133102,0.01204676,0.039963863,0.026901643,0.00412153,0.039340875,0.021416725,0.017277067,0.036810373,0.007048678,0.035911099,0.021181435,0.015886618,0.012186894,0.025990018,0.038454692,0.007084731,0.02232077,0.015527615,0.013655569,0.020366706,0.037983292,0.038610299,0.004603224,0.005718895,0.015336494,0.035159622,0.020590021,0.037170249,0.0277272,0.010358,0.021224282,0.012852935,0.033949827,0.004579725,0.024185799,0.012568969,0.030778266,0.02780442,0.02911881,0.003215331,0.001268384,0.021809358,0.030180153
0.026883307,0.029421314,0.021549819,0.014558899,0.00113819,0.005748573,0.030373767,0.036728901,0.010060523,0.008477865,0.006864256,0.039291797,0.002922713,0.007224247,0.011955236,0.016428114,0.013671155,0.039982933,0.011837073,0.00321491,0.002077928,0.010978025,0.03748759,0,0.03219363,0.02239834,0.013935941,0.030632771,0.028883115,0.031074059,0.03468987,0.025478522,0.023785841,0.014960064,0.029270817,0.019418672,0.028771203,0.03149979,0.036770376,0.023240859,0.013137802,0.030432739,0.025123568,0.004413138,0.010163194,0.021691812,0.001064794,0.013285975,0.008183086,0.032542649,0.000914651,0.00856573,0.006220128,0.026783133,0.021275432,0.036027183,0.030501413,0.00413178,0.021021077,0.027681057,0.039144169,0.036176187,0.026823704,0.025867142,0.004522072,0.001214401,0.013440861,0.037256778,0.011413854,0.022266641,0.025194603,0.034282168,0.002572578,0.025729693,0.001746763,0.011599896,0.012959152,0.014103791,0.02409311,0.009414844,0.026124548,0.03357752,0.032252522,0.004056671,0.012007972,0.017655723,0.005820784,0.020552302,0.02826046,0.039946243,0.032693949,0.001023399,0.031819232,0.007810357,0.013007518,0.036637219,0.037139664,0.003502414,0.032388977,0.007194805
0.023206517,0.038569481,0.026902874,0.020969676,0.017910307,0.037492381,0.019180188,0.020508277,0.021187445,0.026178549,0.018164488,0.012073865,0.039656098,0.033550257,0.034353793,0.039294521,0.036693302,0.018236851,0.029132016,0.001074286,0.014151503,0.019167978,0.037137227,0.03219363,0,0.033614074,0.026033768,0.004694135,0.005896168,0.013920362,0.025201309,0.025807564,0.029625684,0.013637629,0.001609129,0.020529399,0.022625484,0.038351906,0.013955789,0.004105088,0.002615526,0.008113071,0.006319326,0.030907703,0.02648109,0.032778067,0.00399126,0.020692153,0.025057959,0.018686769,0.000386538,0.011983871,0.024218782,0.027630163,0.000679389,0.014291459,0.025221512,0.035698146,0.018384958,0.028271399,0.028602587,0.02228252,0.007267085,0.03055427,0.01200022,0.036824082,0.033607775,0.022616045,0.001685537,0.002727898,0.007375563,0.024382189,0.035458025,0.030294966,0.008471256,0.033468875,0.024877173,0.002626633,0.006712841,0.015042456,0.031243068,0.00425651,0.026726783,0.028026925,0.017341351,0.020339786,0.004203377,0.010159621,0.003665917,0.034192376,0.021964749,0.031814878,0.02076266,0.029710281,0.013460419,0.008756754,0.015175598,0.006227983,0.022711537,0.034391927
0.014050146,0.014413768,0.024318884,0.008651282,0.030802364,0.006573984,0.022880845,0.002978016,0.033615907,0.025598151,0.038556425,0.037113584,0.015269879,0.037002538,0.036906125,0.037350872,0.028083764,0.030608241,0.026907154,0.030716004,0.02155169,0.003003952,0.03061931,0.02239834,0.033614074,0,0.028244315,0.021891747,0.0361927,0.001107838,0.019564465,0.004640794,0.037944227,0.025364526,0.020022607,0.004091763,0.012090459,0.014014365,0.01042145,0.025846914,0.010347774,0.000999903,0.031873133,0.005739853,0.022905214,0.007270903,0.023842586,0.005639443,0.02224513,0.025494564,0.025341005,0.029395119,0.030967621,0.013740114,0.024110938,0.015792838,0.01428968,0.038337759,0.035511732,0.01551759,0.031630896,0.021312157,0.025782178,0.005571258,0.002598888,0.017738257,0.03278473,0.02889729,0.02095941,0.033911638,0.036770331,0.005715321,0.022714685,0.007386298,0.020620216,0.034526985,0.021659566,0.024779485,0.02207055,0.006902822,0.012009929,0.026591872,0.017198728,0.019727305,0.02464193,0.009102648,0.024577677,0.022936522,0.028947064,0.005903805,0.031062629,0.004771746,0.027586786,0.036066076,0.016947228,0.032033297,0.009403819,0.039440097,0.011858863,0.031917588
0.000516222,0.000834261,0.039072705,0.038585758,0.030423039,0.018418374,0.019567034,0.037995449,0.039683744,0.022216613,0.002694168,0.002447376,0.005401378,0.013832344,0.007281726,0.036186039,0.018942041,0.008691999,0.005399197,0.038224699,0.028376043,0.029479551,0.020526762,0.013935941,0.026033768,0.028244315,0,0.01203743,0.001553569,0.008312027,0.00824158,0.00147126,0.013086693,0.008460668,0.032523634,0.014175538,0.019260559,0.021149343,0.009733339,0.020179079,0.008339954,0.004632029,0.02197712,0.0088219,0.029011589,0.039374929,0.023973524,0.038946038,0.027608237,0.039290188,0.034121006,0.018735872,0.030184506,0.002642043,0.008619242,0.018322282,0.000799299,0.008463103,0.032052093,0.015030315,0.003108214,0.006564252,0.002139803,0.006102872,0.011875466,0.031769586,0.00273406,0.02681925,0.023792861,0.003989454,0.010221777,0.016693301,0.015726484,0.022178498,0.011547117,0.027805094,0.026534515,0.037609898,0.01448737,0.007230267,0.021127081,0.018482423,0.003837519,0.013361781,0.014705898,0.026431511,0.012527967,0.013932403,0.012802521,0.017709868,0.006635485,0.016184524,0.010896816,0.013466706,0.022083797,0.024517837,0.038625335,0.018316629,0.00251218,0.0031923
0.039520799,0.034332217,0.024336547,0.034569994,0.037908458,0.035627325,0.007749561,0.018709929,0.007454641,0.020214871,0.014106587,0.016315584,0.019842713,0.013754432,0.014726439,0.015697407,0.001535255,0.009439453,0.022764426,0.037083662,0.039771694,0.002514913,0.022337791,0.030632771,0.004694135,0.021891747,0.01203743,0,0.024567745,0.018455404,0.032683227,0.029403042,0.011716862,0.016747161,0.028009226,0.02972459,0.009562296,0.015168739,0.022668228,0.015197715,0.010722886,0.014399691,0.012531225,0.012549166,0.034858052,0.008946315,0.013380869,0.026220213,0.034583972,0.017138083,0.025252993,0.021294144,0.008901428,0.002961942,0.03606499,0.029394652,0.032109061,0.008347927,0.003589817,0.03092439,0.022893578,0.003193805,0.013868649,0.032548799,0.01566004,0.0327618,0.003298495,0.010381965,0.000784186,0.013310817,0.011259545,0.019602684,0.00933077,0.001594228,0.015752924,0.010687582,0.029727159,0.034599235,0.0349418,0.008775596,0.008757039,0.029336479,0.036260654,0.026913289,0.017472551,0.016929743,0.014841617,0.005673037,0.007194677,0.000157703,0.005491296,0.001729708,0.006541952,0.011551428,0.03475664,0.004887753,0.034605992,0.034969509,0.011462753,0.006129066
0.013676236,0.017774777,0.000174521,0.037493949,0.004786238,0.000668763,0.016206741,0.027684653,0.031230326,0.016619376,0.01476115,0.013274409,0.012205055,0.011875993,0.023893366,0.039109986,0.031814549,0.010142061,0.025831513,0.029979311,0.03981837,0.002159725,0.000244814,0.028883115,0.005896168,0.0361927,0.001553569,0.024567745,0,0.001188925,0.026499555,0.015142195,0.031187146,0.000844333,0.031946496,0.017527161,0.021441258,0.000630704,0.038760959,0.039325092,0.029849553,0.011328804,0.035341131,0.017169517,0.024837564,0.021847404,0.0305454,0.012718615,0.003570766,0.026863791,0.012893151,0.017402153,0.033462596,0.003090638,0.003214406,0.037229517,0.018135892,0.020256021,0.021697067,0.013030677,0.037236364,0.014933368,0.02419074,0.035035741,0.000462509,0.011146337,0.005387704,0.02736454,0.006731955,0.00061022,0.024904705,0.032033988,0.039494465,0.002457527,0.028641926,0.032090231,0.019607724,0.037526163,0.032213339,0.029886784,0.008700567,0.00754104,0.017632661,0.018426696,0.036819433,0.039968545,0.01680382,0.021173054,0.032921655,0.014457804,0.022777589,0.003393988,0.016686041,0.033531388,0.028506663,0.02529026,0.013341305,0.00193177,0.007806012,0.006604983
0.032106555,0.001931443,0.02053099,0.006866116,0.031852064,0.023940891,0.012090922,0.008161063,0.039973298,0.030524329,0.003577649,0.016392476,0.033045294,0.024767648,0.029749555,0.024978777,0.017857338,0.020475235,0.006578514,0.03951879,0.019072921,0.037060609,0.019515674,0.031074059,0.013920362,0.001107838,0.008312027,0.018455404,0.001188925,0,0.027491092,0.007678443,0.019276724,0.038282439,0.007214193,0.038449011,0.022315809,0.028727906,0.002139533,0.035443651,0.014211774,0.020873548,0.030162467,0.029594433,0.006299593,0.038813218,0.035478766,0.018213973,0.004519203,0.014133717,0.026460258,0.027088267,0.020138531,0.008926292,0.028607404,0.001266767,0.000690951,0.035988066,0.032755876,0.006095103,0.010574428,0.034498581,0.0017407,0.007370661,0.000300509,0.006990198,0.034384777,0.030405262,0.010416938,0.007544391,0.028731824,0.032710681,0.034369969,0.017508527,0.02922388,0.030088669,0.013602562,0.0368475,0.000148791,0.039888379,0.015293195,0.001609325,0.024578859,0.005535446,0.013532495,0.035782177,0.002300923,0.015969225,0.032201255,0.035877414,0.008300292,0.025529546,0.028843155,0.004769267,0.036711803,0.031064435,0.026531957,0.01173264,0.024915287,0.036514954
0.014029444,0.030859723,0.033551251,0.032595604,0.017732608,0.032952931,0.003160979,0.008394501,0.004345907,0.032615103,0.033828036,0.000982715,0.002040162,0.024215646,0.00961137,0.012884709,0.032330605,0.028436546,0.036353613,0.019986954,0.02231988,0.022658922,0.021544482,0.03468987,0.025201309,0.019564465,0.00824158,0.032683227,0.026499555,0.027491092,0,0.004258801,0.037200396,0.019434498,0.008733708,0.033427437,0.033714449,0.034512227,0.030031199,0.032375354,0.02896865,0.03753305,0.017141146,0.018329776,0.026874214,0.028256142,0.014802224,0.011499441,0.023023364,0.002490573,0.01547726,0.024559955,0.029133256,0.023589691,0.03475729,0.005144401,0.008457264,0.015273865,0.017886885,0.023363248,0.005128939,0.021989482,0.037344043,0.01729127,0.010122336,0.024044428,0.03872687,0.016027907,0.031725812,0.019506076,0.027652021,0.023901215,0.025194898,0.022423461,0.017952952,0.032417444,0.016190891,0.002231288,0.032596181,0.005256193,0.006542731,0.032639823,0.027988685,0.022695297,0.020834258,0.011177564,0.03609325,0.027652292,0.036992866,0.004375775,0.022263714,0.03339807,0.02469862,0.03940866,0.004018506,0.031094534,0.023089709,0.013860809,0.03187477,0.032490473
0.036131049,0.010745552,0.028862866,0.017357839,0.000536663,0.018567061,0.037025223,0.014262691,0.035437918,0.007879328,0.025516864,0.011056839,0.021652864,0.036903501,0.03600095,0.018500235,0.034514066,0.019223709,0.035793359,0.00945575,0.031100348,0.014992232,0.036000435,0.025478522,0.025807564,0.004640794,0.00147126,0.029403042,0.015142195,0.007678443,0.004258801,0,0.021027563,0.005078206,0.028412449,0.009398657,0.033108511,0.029122221,0.028961187,0.008836954,0.003613978,0.005012253,0.017936923,0.010266237,0.008162186,0.013634994,0.009610872,0.007986872,0.028179439,0.011014248,0.023662136,0.028663194,0.01931872,0.025388197,0.008548771,0.022478996,0.022418905,0.009925137,0.015080663,0.022363263,0.019580042,0.021195138,0.006194975,0.032723966,0.017578558,0.010415885,0.016052,0.021461049,0.028204409,0.00843828,0.006706574,0.005323133,0.006051067,0.008202189,0.008947975,0.037447432,0.031621725,0.002536796,0.008691069,0.005972518,0.001013239,0.033167111,0.027254646,0.016548793,0.016222223,0.007175304,0.015400695,0.010204845,0.025719297,0.030883964,0.030725248,0.017964625,0.014673654,0.019354319,0.037972061,0.036939716,0.008246914,0.027617442,0.034089459,2.44E-05
0.027613196,0.003038685,0.004033861,0.038678391,0.02800493,0.036977528,0.009308841,0.028090583,0.00453571,0.026861894,0.023185048,0.022632577,0.002659618,0.021627122,0.019112018,0.028970381,0.035880248,0.02864804,0.027129538,0.016315354,0.012233165,0.018238411,0.033639217,0.023785841,0.029625684,0.037944227,0.013086693,0.011716862,0.031187146,0.019276724,0.037200396,0.021027563,0,0.007131993,0.02273054,0.036504453,0.032027629,0.010429015,0.030839521,0.026943725,0.002773931,0.016234159,0.038866226,0.022394123,0.024822051,0.014750851,0.012554588,0.036747818,0.031786899,0.028047582,0.034518544,0.033299769,0.022547949,0.0269355,0.018875303,0.021179971,0.035597351,0.014740603,0.017887117,0.012743997,0.019933278,0.023662158,0.010476614,0.014362966,0.015811891,0.017805386,0.020318466,0.015555726,0.024141463,0.028756191,0.017779243,0.035790769,0.005420736,0.0071776,0.03890943,0.023389051,0.039840498,0.015266041,0.030072002,0.010730285,0.019436768,0.005823688,0.029596248,0.032439442,0.006052515,0.002140988,0.032421513,0.032506283,0.018215228,0.009212087,0.024449127,0.008204403,0.035078068,0.037687716,0.031197077,0.026653434,0.028963735,0.011783939,0.024819431,0.017317218
